257    2615    79737122012659693    15749    82
124    3317    79737122014804118    24883    60
94    4241    79737122019104368    24220    60
392    3863    79737122023510593    19410    49
201    3959    79737122024974918    18847    53
228    1529    79737122027235843    18084    98
185    3755    79737122027350493    15845    55
446    1221    79737122028364768    16543    53
361    3255    79737122034796918    15888    83
193    1650    79737122035474093    25023    76
233    2404    79737122037510743    22887    63
357    1063    79737122042378418    23793    82
367    3074    79737122043505168    20113    55
401    415    79737122043730243    17778    48
312    3448    79737122046788368    20345    54
398    3386    79737122048485468    18912    97
381    2686    79737122050853418    15543    53
434    1638    79737122052320168    18438    69
303    3005    79737122055610418    16482    59
204    688    79737122057760668    32767    116
255    1835    79737122061029418    23249    74
219    2412    79737122065092068    17745    102
320    3732    79737122066556318    15264    103
85    1722    79737122067569743    16869    77
283    2308    79737122073326868    32767    83
372    793    79737122077049668    15958    47
255    3789    79737122080099793    20468    64
432    287    79737122080099793    20168    79
163    2769    79737122080325193    16997    42
196    96    79737122082018768    19573    51
398    3212    79737122084273043    15526    52
44    680    79737122087994693    32767    98
180    4261    79737122093192943    32767    201
431    3295    79737122093530543    24746    68
319    4109    79737122096913218    32767    104
417    1502    79737122100295368    26681    78
215    2253    79737122100633068    15403    68
433    3675    79737122101533843    32767    93
380    751    79737122101646893    16276    45
293    3371    79737122107063243    15835    68
117    103    79737122111685943    24178    71
321    2109    79737122111685943    32767    131
259    3313    79737122114954893    23892    67
379    4041    79737122115293343    32767    148
362    1035    79737122115744893    32767    154
181    1028    79737122116085843    21007    71
230    309    79737122117777093    16259    52
305    2618    79737122118340393    20622    59
395    3669    79737122121836293    32767    100
191    748    79737122122625618    20544    72
38    3554    79737122123188468    19202    55
359    1873    79737122123864168    15683    58
270    762    79737122125444893    16202    76
427    3631    79737122132440018    17788    92
317    1375    79737122133004193    17028    68
123    1942    79737122133793318    31494    133
377    2210    79737122134132093    20102    50
82    1024    79737122135148568    30881    85
456    559    79737122137519718    31073    89
228    2144    79737122141697368    17722    72
110    2031    79737122143612843    30509    115
47    791    79737122149712993    32767    142
183    790    79737122150388768    21286    56
108    1892    79737122150501293    17660    80
21    3959    79737122156474743    18779    46
261    1778    79737122158621618    32767    93
423    1215    79737122160315568    17319    99
264    4091    79737122162118543    15404    45
256    3524    79737122164259368    32767    87
321    2084    79737122165272643    18937    61
179    3479    79737122168200618    31629    132
328    4220    79737122168200618    23162    94
113    825    79737122169561093    23902    74
275    3885    79737122173967743    30313    162
84    1732    79737122177130593    17068    49
169    3005    79737122177918643    20767    58
249    950    79737122178256468    21171    69
163    2106    79737122178594643    18595    80
373    4316    79737122180508843    18991    93
260    2930    79737122184113418    23269    67
304    1723    79737122188060643    17029    64
393    829    79737122188851218    18708    69
84    1121    79737122189076368    32767    137
377    160    79737122189639743    32767    173
174    373    79737122190992943    22624    59
400    4130    79737122193249593    16030    52
317    193    79737122193474743    15628    74
238    4063    79737122193814243    32767    119
251    3790    79737122194489668    27023    91
168    1537    79737122203628668    16931    47
232    4266    79737122203853743    25891    174
400    273    79737122203966268    20072    88
331    856    79737122204191343    32767    217
445    3735    79737122206109718    32767    133
272    947    79737122207015193    31445    141
322    2462    79737122209956768    16662    61
188    1995    79737122210632793    32767    112
20    620    79737122216609393    29994    117
241    3294    79737122217398218    15853    48
380    4156    79737122219203543    19569    84
433    1463    79737122222583868    17030    94
444    3109    79737122228454618    18788    60
371    2153    79737122230043118    15266    90
360    2331    79737122233541318    16077    72
411    2691    79737122233541318    16425    49
270    689    79737122236140668    22822    87
307    731    79737122236140668    20279    55
415    3589    79737122238733893    23634    92
127    3891    79737122242234293    27176    82
372    3605    79737122243923318    16968    49
373    1336    79737122244035868    32767    148
273    1757    79737122246176093    32767    133
396    647    79737122246965593    30785    69
111    1955    79737122249563743    32767    112
295    689    79737122255313568    20097    66
40    2293    79737122256101668    29977    73
403    488    79737122257121143    30855    80
112    1814    79737122258022918    32767    89
107    3789    79737122259263443    16819    47
253    3035    79737122259601493    32767    105
214    4027    79737122260165943    16120    84
237    1109    79737122260954193    20255    67
364    869    79737122262079918    22895    102
261    3003    79737122263659668    20437    95
329    449    79737122265462293    21340    58
244    3702    79737122266588418    21420    82
22    825    79737122269069143    19761    112
118    4055    79737122270084568    18873    73
119    3983    79737122273352343    32767    115
195    2274    79737122275383668    28377    96
366    206    79737122277306393    20143    67
289    3773    79737122281710693    16069    57
370    3617    79737122289263268    24331    87
122    2530    79737122290839993    21549    60
273    3765    79737122291065118    20054    92
387    2776    79737122291065118    18554    51
241    3483    79737122291290418    30205    87
261    3172    79737122297494543    16267    68
355    1406    79737122299078093    16676    54
288    244    79737122304274093    26724    122
410    859    79737122305968193    27335    79
183    4310    79737122309019993    21051    61
201    3491    79737122309470143    29857    89
383    2049    79737122311177918    17350    48
300    3367    79737122313774018    29302    114
27    1764    79737122314113843    24944    90
260    2693    79737122316600368    17904    57
213    142    79737122317731668    27777    118
122    4203    79737122320214818    15417    47
367    3978    79737122321004318    20190    74
205    158    79737122323380893    32767    74
29    14    79737122330515968    30538    110
193    2683    79737122333449068    30657    89
273    2843    79737122335143468    28311    122
375    1089    79737122342041668    32767    102
218    4334    79737122343056268    32767    121
19    1597    79737122343169093    25845    134
115    2160    79737122347905618    16145    63
189    1712    79737122354452693    32767    150
248    2085    79737122357051143    17077    76
195    1145    79737122357276218    16510    68
281    1729    79737122358178693    20017    91
424    1672    79737122360894393    28959    64
85    2367    79737122361911868    26158    96
30    1145    79737122362137243    24119    93
268    3197    79737122362249793    20409    107
315    1460    79737122362478518    16069    57
265    1757    79737122367470243    23313    64
87    3260    79737122368258643    18956    61
261    3062    79737122373784168    18283    83
201    2351    79737122379890693    32767    99
289    3941    79737122381129793    15294    57
395    877    79737122387007718    16520    42
253    894    79737122387120243    24200    76
118    3759    79737122388021068    15390    60
403    3689    79737122390173368    15313    75
455    2418    79737122391977093    18575    54
163    3626    79737122392427618    32767    180
114    2129    79737122393215593    29703    105
319    3284    79737122394689518    21017    103
116    97    79737122395368118    32767    96
190    2835    79737122396498093    27149    97
193    2925    79737122396498093    24034    67
306    2661    79737122396498093    19425    87
372    530    79737122397968718    15737    94
225    1925    79737122398419343    20815    141
402    2191    79737122399662918    32278    83
447    1318    79737122400113443    18504    68
289    1934    79737122400564118    32767    110
240    379    79737122401355593    20332    70
247    2983    79737122402371968    32767    134
377    4079    79737122403951618    15534    58
433    1577    79737122404289368    24165    137
412    3763    79737122404855093    21673    84
180    3223    79737122405418018    23577    64
374    2150    79737122406769618    18628    61
323    43    79737122407906268    32767    107
467    3955    79737122411966718    18637    49
189    1369    79737122413548343    23086    61
198    1340    79737122413548343    24587    73
238    1306    79737122414787243    32767    98
443    842    79737122415125193    30178    75
108    3962    79737122415914893    32767    141
428    280    79737122416365618    18235    53
228    2562    79737122416703343    20015    61
119    4336    79737122419182593    24727    79
385    3989    79737122426518143    15667    108
372    1971    79737122427307168    19740    83
227    2830    79737122430933743    21371    69
290    3629    79737122433310618    19355    59
211    3324    79737122435000818    16028    103
228    744    79737122437716818    32767    166
450    1683    79737122446298018    30413    81
445    4126    79737122447100493    30049    75
296    2810    79737122447213118    23098    123
178    2607    79737122449132043    22217    67
302    3490    79737122450822268    20478    59
297    3467    79737122453872493    15471    75
186    6    79737122456581743    32767    220
249    1504    79737122456581743    23044    133
42    3718    79737122457596918    17286    57
360    3413    79737122457821993    18927    59
320    2821    79737122464255093    18637    77
265    4391    79737122467645118    19037    85
363    2006    79737122468320443    32278    76
92    2318    79737122468996693    28802    67
229    636    79737122469109218    18182    74
93    4419    79737122469786518    16797    41
363    2034    79737122473175793    27980    82
357    3717    79737122473513643    32767    108
189    3607    79737122473851443    16691    61
269    3844    79737122477118968    16179    50
362    1048    79737122478023368    16707    80
208    224    79737122481519268    21790    56
266    3766    79737122482759993    16090    49
387    2694    79737122483210443    32767    99
166    1325    79737122483435668    32767    178
245    3950    79737122488395143    31672    132
463    254    79737122488620443    18477    57
227    231    79737122488845518    20192    97
276    1860    79737122490878593    18673    85
379    3491    79737122492344793    18934    46
23    3116    79737122492686893    17074    61
185    2573    79737122492911968    21914    73
268    4492    79737122493812518    18874    111
234    2216    79737122495614843    16446    59
418    203    79737122496065118    27319    84
262    3366    79737122496402818    21957    66
180    2584    79737122497869743    32767    211
385    742    79737122497869743    25457    76
303    2328    79737122498884618    16655    44
401    749    79737122499110943    22480    69
29    777    79737122500913718    28002    105
185    3852    79737122502158368    16860    55
401    3674    79737122504872193    16718    66
267    2731    79737122506680518    21262    62
103    507    79737122507243418    32767    142
438    3211    79737122511307793    19970    63
380    4200    79737122513560493    16127    48
301    3909    79737122514348493    32767    152
191    3023    79737122515024718    20865    66
237    3274    79737122515024718    26554    82
179    1795    79737122515362393    32468    147
209    3005    79737122517052468    22933    61
394    1651    79737122517396593    16606    90
323    4316    79737122521798743    16509    67
423    3826    79737122522361518    19748    69
185    4390    79737122523487168    15767    70
309    2678    79737122524276218    25052    116
118    576    79737122526080918    17722    65
395    1435    79737122526193443    32767    114
433    2841    79737122526644093    17759    51
163    320    79737122527885618    30963    79
329    715    79737122529688068    17175    49
205    659    79737122532062018    18662    64
378    318    79737122532399718    25452    73
442    3855    79737122534765793    26751    138
391    2302    79737122535216018    30451    105
197    89    79737122536342393    16583    52
306    308    79737122540298468    17887    63
293    4439    79737122540862718    15990    66
300    2438    79737122542889743    19805    61
398    4110    79737122546614693    17663    119
205    2343    79737122548868243    20455    61
186    73    79737122554958693    30612    82
297    1816    79737122555637793    32767    101
370    1112    79737122558455443    20007    58
271    1347    79737122559023293    18321    106
329    3934    79737122560833268    22029    91
189    1995    79737122563654968    22075    62
330    2454    79737122564218218    16275    69
380    1790    79737122569073368    29457    71
302    4039    79737122569523593    26844    71
394    1476    79737122569748643    15882    44
231    218    79737122570538593    32767    90
279    2217    79737122571104043    21912    102
428    1384    79737122572461368    18254    138
287    715    79737122575282343    21018    102
291    3502    79737122576975243    32767    117
189    2332    79737122577425693    22669    74
126    672    79737122580358143    15142    49
192    253    79737122589264618    32767    130
250    3563    79737122589489693    27721    90
447    881    79737122589714768    15990    47
355    4293    79737122590616068    19984    60
301    3477    79737122590728618    32767    125
94    991    79737122590841793    27708    65
374    3083    79737122592305768    16442    46
204    1678    79737122593319193    20788    71
213    3523    79737122596812268    20814    67
246    3699    79737122602146618    16072    62
447    2394    79737122604288668    18674    74
202    910    79737122605538818    32767    81
413    3562    79737122608694343    21687    55
253    2471    79737122609933818    32767    197
110    1482    79737122612298793    15227    54
444    4041    79737122612863043    18266    65
315    1971    79737122613314093    20085    99
380    3871    79737122614103868    19048    54
285    448    79737122615684393    19581    97
232    3133    79737122619746893    30166    118
395    1080    79737122622458818    21806    115
425    4068    79737122626524043    17592    72
324    2821    79737122626636668    18641    86
309    1347    79737122628212943    15130    84
224    1238    79737122628325818    28756    78
107    2867    79737122629679893    31242    75
125    1926    79737122631259068    21725    50
223    2631    79737122633401618    19882    68
299    2798    79737122633401618    18051    58
44    2117    79737122636341868    15041    42
410    996    79737122638488943    16583    101
436    4354    79737122638940193    26482    113
35    2067    79737122639165243    21058    68
263    2529    79737122643336918    25582    165
445    2146    79737122643451293    24171    61
397    1376    79737122643676768    16827    82
271    325    79737122644802743    27050    103
296    830    79737122644915268    26626    62
297    568    79737122646609618    18142    99
453    3161    79737122650671968    32767    129
398    1908    79737122654064268    17415    59
428    327    79737122654740243    15805    63
384    2116    79737122657108018    16715    84
375    464    79737122657333618    29795    95
385    538    79737122657333618    23654    56
117    1754    79737122657559393    18862    55
216    1902    79737122657671918    32767    166
12    734    79737122662974193    17897    47
30    2500    79737122664214093    15227    82
416    80    79737122665456943    15171    37
217    1093    79737122666470518    15002    45
427    3617    79737122669626268    19429    92
456    1383    79737122669738893    29684    149
251    2361    79737122673686643    21584    65
376    4211    79737122674255368    22437    107
177    1202    79737122675269218    16938    47
107    1568    79737122678878443    17783    76
325    3413    79737122680683018    15644    78
171    359    79737122681358668    19323    112
192    3775    79737122686893443    32767    121
436    3770    79737122688808793    17917    51
33    3441    79737122692652768    18947    67
190    1771    79737122694117043    21725    123
304    4319    79737122694356118    16374    49
173    1932    79737122696957843    32767    109
253    2647    79737122697297068    32592    138
360    244    79737122697634693    25246    92
413    1902    79737122697860368    22012    70
193    1103    79737122702828118    32767    140
82    546    79737122703053593    16431    53
245    4391    79737122705199043    16377    54
437    2557    79737122708586068    16002    60
327    4086    79737122708698618    30459    70
229    1300    79737122711968993    30522    89
166    1098    79737122712757293    20537    54
424    2566    79737122712757293    25155    88
261    965    79737122712982443    22521    131
371    1077    79737122713657968    32767    105
221    2065    79737122716023743    19236    74
331    2466    79737122716139018    17334    45
253    4369    79737122718395143    16625    61
122    1250    79737122720879043    23104    91
286    464    79737122720991643    18181    42
388    626    79737122722687593    21303    79
216    860    79737122725620218    21954    91
308    126    79737122726408718    17585    57
208    3831    79737122726635918    32767    117
215    2088    79737122726748493    23363    69
254    2332    79737122728328118    15680    42
233    785    79737122728553593    20195    83
241    669    79737122731716293    32767    134
233    2916    79737122732397393    15213    61
263    349    79737122734087943    18207    73
120    1091    79737122734538343    20399    76
126    855    79737122734988593    16145    41
237    4047    79737122734988593    18925    45
397    2623    79737122735326318    15105    64
182    1272    79737122738370293    17122    56
361    3489    79737122742312818    19354    102
447    4184    79737122742425368    16344    50
381    2602    79737122742537943    23646    72
368    1656    79737122747501818    15848    61
432    1631    79737122747501818    25787    77
169    886    79737122749082718    26967    83
80    918    79737122749420618    22233    51
261    699    79737122749533218    16062    57
192    4318    79737122751789868    22573    56
195    4235    79737122751789868    22504    53
283    3791    79737122754394193    24419    70
433    3731    79737122755976018    32767    136
300    3189    79737122758004143    23362    91
113    3323    79737122758454343    15323    72
376    2776    79737122760146693    30410    88
269    4156    79737122761948768    19348    63
217    3449    79737122762286418    20677    56
366    1061    79737122765900543    30675    143
316    1663    79737122771200018    23207    86
435    3588    79737122772442018    32767    120
233    2382    79737122775832743    16869    57
252    2678    79737122776172143    15366    57
267    2958    79737122779900618    24643    77
465    154    79737122780465218    18806    51
182    308    79737122782735293    24256    74
167    944    79737122783411893    15141    51
204    2651    79737122783524418    18435    69
301    1863    79737122784426393    32767    300
122    3347    79737122785327068    17124    77
85    830    79737122785890593    32767    79
233    221    79737122786228418    32767    98
328    1542    79737122789729118    17110    78
267    2738    79737122789954318    32767    152
169    221    79737122791308418    15863    56
443    2637    79737122791984093    32767    99
288    4020    79737122795479218    32767    86
228    2643    79737122795591768    32767    133
35    3986    79737122796042943    15281    46
241    3923    79737122797626993    27661    60
329    46    79737122797626993    23670    96
378    3759    79737122797964718    22788    70
404    203    79737122798641218    18692    60
26    574    79737122801012218    26031    92
414    273    79737122801237318    23336    64
183    1952    79737122802588943    19750    45
449    1383    79737122806315743    20886    116
413    3698    79737122807104318    32767    100
88    3048    79737122809249768    17894    69
429    4306    79737122809812568    32767    136
123    2719    79737122810488318    32767    223
40    1932    79737122811164093    24047    88
86    3412    79737122811839518    16447    50
216    660    79737122812289893    32767    105
403    2799    79737122819282943    18779    74
84    703    79737122819959268    32767    196
310    2969    79737122820972643    32767    154
120    3135    79737122826161443    15733    52
43    4356    79737122827968493    16525    45
237    4031    79737122830898018    18952    71
106    2831    79737122833158743    18341    49
227    530    79737122835411793    32767    156
122    3470    79737122836763193    32767    222
207    3358    79737122837447918    32767    99
289    3532    79737122837447918    17686    54
384    1803    79737122837672968    28213    85
385    1814    79737122837672968    24619    90
82    4316    79737122838806168    16351    45
222    1039    79737122848742393    21600    84
423    1526    79737122852915293    18706    49
269    1986    79737122853252993    18953    63
288    3493    79737122853712793    16638    57
291    3405    79737122853712793    32767    92
361    3809    79737122853944093    21831    64
122    3809    79737122856094393    32767    126
85    273    79737122856432093    16729    70
297    1126    79737122858694843    21132    105
96    413    79737122859032468    23215    64
97    384    79737122859032468    32767    92
365    2838    79737122860837693    15086    58
119    2026    79737122864216218    18300    49
122    1994    79737122866141868    26667    77
209    1300    79737122867268068    20521    57
377    1342    79737122868848868    15642    51
392    641    79737122870539843    20726    91
380    4209    79737122875061168    15107    71
448    1743    79737122879014993    24234    65
120    3389    79737122879918193    24991    56
245    563    79737122881725368    19249    68
285    1331    79737122882513943    16981    109
185    4015    79737122882851718    30693    84
254    1546    79737122883640368    31542    99
459    3472    79737122886691043    21846    71
379    1968    79737122887367118    24383    70
406    3762    79737122888380693    17761    80
288    2880    79737122889395243    21991    61
285    171    79737122891085768    22166    114
326    1275    79737122893563568    32767    120
374    2180    79737122893901468    20905    96
81    2853    79737122894690893    16413    49
83    1747    79737122895254043    15149    39
245    4064    79737122895592143    21665    82
371    2786    79737122896610143    16329    50
268    2896    79737122898077843    32767    133
373    4410    79737122900333818    31450    95
421    3803    79737122904396693    21157    76
188    2585    79737122907438718    32767    186
256    2040    79737122908906843    16457    50
81    1507    79737122909583143    26605    60
205    1191    79737122919060593    18556    52
191    2732    79737122920526243    18684    114
253    3555    79737122921764993    18832    87
232    467    79737122921877593    22985    141
262    4249    79737122922440643    32767    80
373    1920    79737122927859243    23055    67
296    2441    79737122928988393    19187    76
269    1300    79737122930682993    15543    48
84    1583    79737122932147993    32767    80
437    4187    79737122932598768    15178    55
250    283    79737122936213018    24527    119
254    291    79737122939035468    15949    55
279    1620    79737122940055268    23261    102
24    1480    79737122940168693    17579    92
209    565    79737122940281218    17112    52
413    3771    79737122943219543    16572    56
177    3996    79737122945248668    25072    93
313    2774    79737122949762118    15931    79
183    691    79737122952467818    21847    72
406    3557    79737122954383993    23430    76
108    243    79737122955851443    17949    72
391    1783    79737122958109993    26923    83
361    373    79737122959356818    26703    117
107    336    79737122959469393    24877    67
422    4138    79737122960032218    18257    55
42    1752    79737122966814693    21633    68
217    2687    79737122966927418    32767    99
134    1033    79737122967378518    18141    86
206    3137    79737122967603768    20488    47
192    2295    79737122974600893    16122    54
435    3668    79737122975282143    24089    89
271    1036    79737122975507218    17030    72
409    2462    79737122976295893    21796    69
272    3489    79737122977646918    22643    58
362    205    79737122981707968    32767    248
222    1955    79737122982384343    15955    59
428    1093    79737122988843068    22404    84
376    1342    79737122989406093    16851    77
314    4027    79737122990984918    22466    81
385    501    79737122992225443    15326    48
279    216    79737122994148918    21608    63
307    3240    79737122995050843    32767    109
245    3407    79737122996402118    20396    122
123    4158    79737122997303593    21706    106
440    2525    79737122997416218    31218    101
265    3513    79737122999781168    20348    74
256    263    79737123002148893    32767    115
362    2782    79737123002599543    17547    110
37    2961    79737123003851393    25000    90
193    2623    79737123004641443    15620    55
106    1312    79737123006227243    19769    79
103    1658    79737123006568868    28702    82
441    4145    79737123006568868    24722    82
323    3420    79737123008372218    16086    44
245    2713    79737123008597443    22722    108
397    1096    79737123009048643    20336    75
173    548    79737123012201968    19815    71
441    2288    79737123013895468    18275    66
311    3011    79737123020324568    23103    79
398    1557    79737123020437418    15051    42
231    467    79737123022355518    30508    92
333    2813    79737123024722593    20203    100
111    556    79737123027319543    21754    51
422    1604    79737123028340668    15175    53
168    2341    79737123029473893    26786    76
451    1181    79737123031508043    17441    80
217    3461    79737123034446968    23671    70
431    2760    79737123034795018    20130    54
84    3976    79737123035358818    15106    51
461    2106    79737123036147793    21283    67
319    3527    79737123036711168    18086    83
314    4170    79737123037837368    32268    79
118    3306    79737123039077593    32767    130
189    3952    79737123041006543    22130    99
268    145    79737123041457018    15503    54
406    1109    79737123041682493    20050    136
338    398    79737123044159818    28961    69
83    1408    79737123045740968    15180    72
204    1401    79737123046758943    22218    124
321    3025    79737123051838818    20679    67
456    2525    79737123052743793    22421    137
315    1893    79737123054889493    15555    40
315    1053    79737123055002118    15482    46
394    4127    79737123055002118    25313    102
380    4271    79737123055227218    18719    79
22    114    79737123055339743    21169    60
411    4166    79737123057267193    16313    53
376    78    79737123058395418    25049    69
372    550    79737123059300568    22164    63
119    107    79737123060102768    25827    148
50    4091    79737123061117668    18533    46
372    1265    79737123061456368    17605    49
397    4298    79737123064049868    32767    88
286    4139    79737123065304818    26426    80
376    1207    79737123067562493    27699    75
258    1350    79737123068584793    21896    58
194    277    79737123070612693    19969    81
209    4045    79737123073323743    32767    120
122    4102    79737123074906618    17837    65
445    572    79737123075132193    21894    57
364    650    79737123076032943    17256    134
409    2309    79737123076713618    27069    74
257    171    79737123090621818    32767    91
329    532    79737123094913093    20112    106
416    3184    79737123095589093    26321    81
175    4086    79737123097169468    18420    55
293    4357    79737123098408068    29573    78
333    3385    79737123099421393    18636    53
375    4301    79737123101227043    17663    53
297    1993    79737123102354093    17653    65
39    1522    79737123103486968    26269    103
393    2440    79737123107545543    20785    59
252    3276    79737123108561068    32767    108
113    4138    79737123112740918    32767    126
362    1705    79737123116239668    15573    48
105    3229    79737123118833418    15819    71
395    2754    79737123118945993    27901    128
253    4166    79737123119509218    24265    57
315    3001    79737123120074668    32767    81
108    98    79737123121542268    23320    65
291    1734    79737123123233368    16618    50
388    2261    79737123123233368    17676    57
289    1771    79737123126168443    19420    49
430    3371    79737123126845393    18047    86
239    386    79737123127973693    32767    108
225    2486    79737123128425593    18204    85
377    1129    79737123133621718    16496    95
423    1556    79737123136568068    22961    89
102    4117    79737123137244268    16459    58
202    2664    79737123138824318    25166    107
188    1095    79737123139162418    18125    73
214    2344    79737123139387618    16416    53
228    2645    79737123140068693    18341    58
421    2238    79737123140856743    19530    76
317    2636    79737123141870168    16933    91
115    1177    79737123147395968    23348    60
213    1395    79737123148410268    18555    79
251    3830    79737123148860818    32767    147
220    1588    79737123152812543    17015    57
417    390    79737123155519318    20447    84
308    2704    79737123155857243    17422    82
417    2136    79737123157101418    19898    95
286    177    79737123159477718    16491    55
366    1113    79737123159928918    32767    107
169    854    79737123162860318    16485    111
289    2055    79737123164776318    22278    120
38    2003    79737123170079968    32767    91
408    3711    79737123171332118    15129    95
123    2526    79737123182756693    32767    113
83    4148    79737123183545393    19869    115
208    1284    79737123184108593    32767    105
191    1033    79737123185460193    15802    54
127    2829    79737123186248418    24034    66
463    3103    79737123193809493    16056    50
317    258    79737123197664493    32767    117
191    3807    79737123199578368    21278    56
174    1478    79737123201609218    32767    180
384    3488    79737123203640718    16273    58
385    3420    79737123203640718    32767    101
251    2228    79737123206128468    21592    57
286    1079    79737123207029893    15711    93
91    1622    79737123209509693    16534    52
275    4318    79737123209509693    27290    103
114    3509    79737123210865118    32767    267
191    2945    79737123217518643    32767    121
453    4432    79737123220109893    19886    57
257    3770    79737123226308343    20336    69
429    2366    79737123226645918    24515    89
116    3832    79737123227208868    27281    61
27    607    79737123229465293    31142    89
237    3597    79737123231605318    21287    74
210    3386    79737123236570243    22538    85
209    2537    79737123238487593    32767    179
307    2596    79737123244922443    27728    74
376    269    79737123245938843    16868    65
279    1336    79737123247402593    15447    40
185    2636    79737123249546393    32767    223
357    1662    79737123250109193    28096    88
437    590    79737123251573718    17243    76
442    3049    79737123253940993    15900    56
371    4230    79737123255068218    23265    58
109    3879    79737123256086443    23852    91
84    3176    79737123256987418    32694    101
317    3715    79737123259807543    32767    86
169    1662    79737123260146718    20988    61
455    719    79737123261611168    22386    67
408    2507    79737123262633643    26437    63
191    1287    79737123265347643    16367    51
231    3906    79737123267150018    21988    72
111    2513    79737123267375343    21248    89
111    2360    79737123269404943    18954    75
199    3524    79737123276401218    15769    52
452    4095    79737123276851468    18852    89
302    2802    79737123278203093    16454    66
235    3405    79737123278315693    15431    94
457    386    79737123281359193    17676    63
357    2266    79737123282609618    22547    71
375    108    79737123289258993    21721    66
307    84    79737123289709368    16813    50
321    2890    79737123290499493    15591    54
235    611    79737123294786818    16350    92
328    1435    79737123297952518    15807    59
408    3061    79737123304271243    32767    96
236    1406    79737123306421818    28015    75
315    3351    79737123307210068    18890    44
389    111    79737123311833618    15446    51
362    444    79737123313077868    17909    124
191    2254    79737123314995293    32767    123
213    1859    79737123321195843    22753    59
166    1040    79737123321761743    20025    66
192    4448    79737123325932368    24433    77
288    4264    79737123326382593    32767    126
214    3652    79737123326607668    15457    60
291    3971    79737123326607668    16978    56
196    1676    79737123327399868    26117    92
187    673    79737123328301143    24683    74
272    1515    79737123333390718    20841    73
114    3174    79737123333503318    32767    126
234    978    79737123337450443    16385    59
37    981    79737123341515343    32767    70
227    2011    79737123344788643    25143    63
373    3033    79737123346140593    15770    94
256    2715    79737123347389393    15450    65
327    4446    79737123347501993    27508    84
374    171    79737123347952193    32767    127
248    2461    79737123348740093    22798    110
365    391    79737123350095843    17340    66
415    3958    79737123350998393    32767    102
106    4430    79737123354269143    30710    157
283    3511    79737123357198768    16638    57
238    2430    79737123357875068    21060    61
378    1834    79737123358329843    17401    63
422    1995    79737123358329843    19634    85
318    1963    79737123359232193    18304    63
105    277    79737123361601868    27687    103
355    3782    79737123363410893    21780    93
96    3188    79737123364649543    22040    61
42    2313    79737123365213443    17367    41
209    2581    79737123367701543    15431    51
261    1585    79737123367814093    20601    84
123    761    79737123368377218    15456    62
425    1017    79737123368602493    21330    59
114    1124    79737123369165493    16896    44
380    2161    79737123371549443    32767    187
407    151    79737123373586743    32767    95
411    3738    79737123373811868    16838    72
204    2321    79737123373924393    25879    90
291    1634    79737123375399168    18728    70
288    2244    79737123376869318    17044    105
261    2292    79737123377883693    22320    53
387    4260    79737123383415668    19423    93
274    245    79737123385669693    16612    82
410    1253    79737123386909843    29451    67
164    1698    79737123387247618    18209    57
127    2824    79737123388714518    27744    90
109    3795    79737123389052118    20762    72
164    4455    79737123395931118    16411    42
200    3598    79737123396834393    22168    60
275    519    79737123398983493    19357    71
276    891    79737123403738118    19233    60
313    1135    79737123404416393    24327    70
164    388    79737123410169168    32767    111
385    1733    79737123410281693    26348    153
237    711    79737123410394343    18341    67
186    3885    79737123410619518    32767    90
415    3122    79737123411751893    24309    72
399    2825    79737123412315568    26096    91
108    4454    79737123412654593    21601    119
392    3605    79737123414118168    17072    47
242    385    79737123415357168    21515    65
175    224    79737123415807843    29100    72
453    614    79737123415920618    32767    91
220    731    79737123416260168    32767    114
451    1651    79737123418304593    17518    79
38    3362    79737123420336518    17237    45
222    4001    79737123423493143    32767    99
195    669    79737123425750443    17314    46
421    942    79737123426763443    21312    50
224    4456    79737123436009093    19819    60
302    1199    79737123436573143    21149    87
361    860    79737123437138243    18438    50
398    1661    79737123439959293    23128    57
379    1728    79737123440409918    32767    95
173    1060    79737123441763318    23039    82
226    4069    79737123445496643    32767    82
447    290    79737123446397293    17203    62
381    353    79737123447072793    16729    62
116    3506    79737123449666268    32767    88
121    2607    79737123453613668    32767    174
293    3764    79737123456211343    25699    72
115    4113    79737123456324318    18469    46
269    1867    79737123456665343    15687    77
303    3553    79737123459710618    30007    97
428    705    79737123460952943    15251    46
384    2527    79737123461631068    16937    51
288    2698    79737123463546743    16790    58
420    3996    79737123463884368    32767    162
201    2710    79737123469186168    22780    78
285    1940    79737123469975943    16399    47
295    2657    79737123473362993    32767    136
280    2843    79737123476406868    29013    87
229    1286    79737123477986893    17853    78
229    3314    79737123479003693    19083    72
255    3800    79737123479567118    15698    77
363    2456    79737123481931693    22814    90
286    2839    79737123482945718    23629    60
329    1218    79737123483509268    22689    78
391    3887    79737123488255318    32767    132
240    228    79737123490625518    19432    54
376    2743    79737123490625518    32767    126
172    2061    79737123491754843    16248    89
192    2280    79737123493106868    16334    60
249    1806    79737123494120693    17992    86
372    3328    79737123497958668    32767    86
407    4051    79737123499318593    32767    108
90    2404    79737123499656343    21960    53
356    2264    79737123499997168    20636    55
249    2170    79737123501349343    31144    180
224    3237    79737123502251743    23057    95
27    689    79737123502927668    17124    58
244    1745    79737123504619918    20627    69
249    1283    79737123505070368    29672    111
39    1566    79737123506200993    16535    80
285    698    79737123508683543    32767    118
116    443    79737123510265118    17540    56
127    2468    79737123510715768    20111    61
234    1011    79737123511280418    32381    132
258    1186    79737123511397493    15120    50
406    2916    79737123511847868    27925    136
99    3459    79737123514552693    32767    78
425    2950    79737123514896218    17729    61
282    1725    79737123515348443    18350    47
241    1832    79737123517733543    24095    90
389    3159    79737123518413043    17061    46
165    3943    79737123520440868    19769    98
386    941    79737123525409543    19774    48
372    1695    79737123525636643    31238    111
452    527    79737123530718468    15634    67
374    3602    79737123531173243    23044    141
250    1544    79737123532641068    21883    89
178    727    79737123538615843    18726    67
215    2104    79737123538615843    26748    115
332    1484    79737123540307068    32767    109
385    3203    79737123543586993    21493    60
311    47    79737123544263118    23048    84
421    3741    79737123544600843    22713    57
265    2175    79737123544941868    32767    132
447    4237    79737123548782993    18450    79
365    1919    79737123550136693    29750    85
289    2840    79737123552965043    17900    65
229    3238    79737123553641743    25271    115
226    4390    79737123553869918    19397    86
239    1110    79737123554207743    27956    110
266    3773    79737123556806693    16904    62
360    1720    79737123556806693    15773    59
252    4197    79737123558159093    18983    79
444    3540    79737123558496743    15586    59
217    3783    79737123561088543    24770    96
441    3999    79737123561426293    32767    94
251    2333    79737123561651568    17094    64
314    3770    79737123562214243    30946    99
312    112    79737123564805918    20170    72
111    1429    79737123566045568    17140    48
186    3733    79737123570570043    32767    136
107    2007    79737123574973393    21939    53
442    112    79737123577571293    32767    100
27    2500    79737123577909268    19572    43
246    557    79737123584687543    32767    134
361    2888    79737123584800093    26554    67
389    2805    79737123586495543    32767    91
313    4207    79737123590103793    19939    76
16    2538    79737123591004393    28150    90
205    2286    79737123593495218    24633    79
379    2111    79737123594397118    17598    102
260    3580    79737123594849093    22266    91
395    1481    79737123598484868    15936    51
366    3676    79737123605148868    22876    79
398    1216    79737123605375318    32767    75
249    1278    79737123606051618    21816    88
419    3589    79737123607179543    15958    100
416    259    79737123611028643    15627    93
275    452    79737123613513093    26224    75
122    1763    79737123615097318    32767    90
395    391    79737123617126268    30625    89
111    3415    79737123617473693    17686    131
20    600    79737123622559068    15895    45
449    1727    79737123624258893    16541    65
294    3355    79737123624710343    32767    142
420    2652    79737123625279118    15629    55
294    3049    79737123626292443    19926    77
448    3769    79737123626405018    32767    112
431    1870    79737123628435768    28006    113
109    3183    79737123628773393    18278    53
311    4115    79737123629450618    17440    42
267    580    79737123629788468    15451    108
105    1004    79737123630126243    20310    101
394    2274    79737123634972093    32710    79
111    253    79737123635084668    18634    106
367    974    79737123635875443    23584    111
381    3576    79737123636213268    21890    74
417    4146    79737123637906443    15680    44
373    2458    79737123638132993    19151    95
389    3314    79737123638585368    19310    46
115    2944    79737123649074218    17488    59
292    4016    79737123649412418    18266    110
365    2187    79737123651448618    18760    88
362    2565    79737123653824193    20383    89
411    1830    79737123657771268    29844    93
183    1806    79737123661037018    25128    64
239    714    79737123663299843    32767    90
282    339    79737123666007193    17425    82
366    1867    79737123666007193    17019    50
222    3434    79737123667023718    18253    48
176    905    79737123668492518    25192    132
178    530    79737123669620193    20202    49
261    3661    79737123676855468    29406    91
120    1482    79737123679786643    19471    80
167    2907    79737123680465118    16107    50
17    1830    79737123680577643    32767    84
294    229    79737123681368993    22145    96
133    2025    79737123684422893    32767    78
331    1045    79737123687694343    18662    55
259    4020    79737123692778268    32767    87
127    4466    79737123693566793    21640    75
360    3137    79737123693905168    27263    144
293    1327    79737123700112918    32767    102
371    4042    79737123701466968    15356    84
355    4224    79737123707899643    15529    64
44    830    79737123708351318    17778    52
174    4095    79737123713436868    32767    91
182    3668    79737123715244393    16211    86
22    196    79737123715807568    15788    63
167    1612    79737123716033118    32767    106
247    1880    79737123716371168    20799    51
117    3248    79737123720322743    32767    127
219    1891    79737123720548043    15633    86
311    3142    79737123722916143    18521    55
197    2525    79737123731374968    27156    73
421    3611    79737123731374968    16136    81
254    301    79737123736341793    22283    80
32    417    79737123737358743    29545    87
239    2382    79737123738710993    20442    77
222    1165    79737123742447793    21122    51
226    2814    79737123744603118    18294    62
133    2095    79737123748891243    20868    64
176    733    79737123751376868    32767    157
181    1699    79737123756230993    23937    95
272    938    79737123756230993    32767    117
467    301    79737123762107118    15778    43
408    1074    79737123763571093    27544    89
213    2524    79737123765944968    17264    68
316    1732    79737123766850993    32767    85
324    4284    79737123767190443    29125    93
177    1729    79737123768994343    23560    106
114    2149    79737123769332218    19904    73
111    156    79737123770007693    32767    202
361    884    79737123771811743    19244    91
19    4058    79737123771927068    21918    51
375    343    79737123773170818    15551    66
39    867    79737123776893843    16515    78
240    823    79737123779937968    19565    46
219    3913    79737123781067868    20038    50
206    1626    79737123782080793    28985    90
183    157    79737123783772743    19607    72
178    3839    79737123785466718    16878    86
359    460    79737123787614818    16673    49
253    2650    79737123789416193    24255    71
291    3304    79737123790770243    23299    64
225    2962    79737123791445993    20445    95
187    4295    79737123794045768    17663    60
113    2597    79737123794384843    27467    73
447    3459    79737123798333218    30160    153
241    4244    79737123798446893    18391    70
102    3272    79737123798897843    15223    59
123    2223    79737123803860643    32767    140
308    1216    79737123808603393    32767    250
442    3849    79737123809169543    17747    54
227    1115    79737123809959943    19545    54
292    2485    79737123810413543    16421    84
205    2444    79737123813237068    25312    105
30    606    79737123814251943    15202    56
176    2414    79737123814703468    29423    114
189    605    79737123815266518    16441    77
181    2499    79737123815831668    19848    78
108    3180    79737123817409443    30113    126
333    1729    79737123818769243    32767    91
318    3856    79737123819793343    16914    79
177    2051    79737123820243693    32767    209
391    1006    79737123824078118    15936    78
324    3855    79737123825092018    15805    53
415    584    79737123828266943    32767    89
222    3020    79737123829619468    32767    107
29    1273    79737123837306693    25774    87
286    10    79737123837531868    17028    67
467    975    79737123840238418    15893    59
288    2548    79737123841364343    25393    67
326    3249    79737123843395868    16632    59
42    4005    79737123843620968    15621    36
222    3649    79737123843733668    32767    101
393    1632    79737123843959118    16236    82
246    1455    79737123844634768    32767    95
126    3624    79737123845991868    17865    67
293    1037    79737123846668718    29314    85
253    3807    79737123848360218    18661    52
443    2666    79737123852080968    22733    76
365    361    79737123854786268    26046    87
170    412    79737123855799893    17918    61
254    2584    79737123856363193    32767    109
328    3668    79737123858854893    26684    98
257    994    79737123859305418    32218    82
116    2428    79737123859530668    20840    104
322    2529    79737123861903318    15429    51
106    4103    79737123863258718    30308    83
167    2338    79737123865069243    19552    80
420    2943    79737123866309468    15942    48
175    819    79737123871284818    29765    137
107    1750    79737123872753693    19068    48
284    2657    79737123874679793    32767    156
360    715    79737123876825718    22927    58
189    297    79737123884716693    16946    82
305    2078    79737123886180918    15118    68
269    2410    79737123889337068    16429    50
330    3179    79737123892380568    23244    93
394    1614    79737123893056318    32767    97
185    414    79737123893281518    18181    97
450    4273    79737123893846393    25078    108
391    137    79737123894409443    20983    58
401    1395    79737123894975293    17217    72
208    1124    79737123901414643    16638    71
382    2887    79737123901414643    19368    62
444    2350    79737123902203493    26250    82
403    3051    79737123903217843    21550    72
310    2013    79737123905023318    20571    126
363    4120    79737123913152318    17413    93
124    3759    79737123913377543    15717    94
453    2038    79737123916089168    16303    48
106    525    79737123916541318    32767    186
271    3875    79737123917106693    26317    92
289    3056    79737123917449768    19242    74
328    1324    79737123920387918    28258    93
407    3564    79737123924116468    17022    105
282    1594    79737123926371418    32767    108
288    2854    79737123928967543    16212    66
289    2856    79737123928967543    19890    70
383    2063    79737123929418293    15558    72
245    4230    79737123930664593    24320    71
117    3925    79737123930777293    32767    83
361    792    79737123931790743    19406    49
172    3567    79737123933030268    19266    70
168    1909    79737123935969243    32767    95
218    497    79737123937323618    24339    79
360    561    79737123938338168    19029    80
438    2116    79737123938338168    23465    61
363    184    79737123941496468    18469    57
174    574    79737123944199343    15160    64
369    3025    79737123944650118    20320    112
124    2579    79737123947022368    32767    82
97    2487    79737123947472693    32767    120
227    3792    79737123948148843    15861    41
104    1628    79737123949164418    32767    84
243    3607    79737123950631143    17395    118
357    320    79737123951194443    20187    86
172    1236    79737123954350443    32767    106
290    1786    79737123955138643    32767    97
413    887    79737123955364493    19987    54
222    1723    79737123955815193    15033    73
397    1225    79737123955815193    20348    93
296    1705    79737123958184893    32767    77
245    1872    79737123960439368    16309    82
303    275    79737123962699543    15278    45
445    1196    79737123965294018    19953    55
191    2002    79737123965744718    25967    89
409    3308    79737123966758918    32767    78
376    601    79737123969575018    16796    42
33    2809    79737123969912818    18205    49
238    2285    79737123969912818    32767    184
194    1049    79737123970592468    19548    61
393    2631    79737123970939018    15352    58
406    452    79737123972065143    17187    105
177    1152    79737123972628493    21413    73
387    1052    79737123976691568    30770    85
325    3311    79737123982780343    18755    47
165    1437    79737123983121843    20443    62
200    1065    79737123983121843    16125    58
225    3222    79737123983459493    16670    72
415    2943    79737123989784618    28606    84
402    480    79737123993398468    18743    77
185    2048    79737123994189593    15739    63
247    644    79737123994752768    27503    90
418    1396    79737123994865418    32767    102
205    2606    79737124000053018    17400    102
170    3337    79737124000963293    16864    47
187    4287    79737124001979343    21592    82
267    4055    79737124003903168    21938    76
217    3645    79737124010219393    25012    84
284    1952    79737124011123743    23298    133
36    1462    79737124011799618    15669    41
411    4146    79737124017798943    19545    97
308    2088    79737124018702643    16254    80
324    2549    79737124020055518    26960    185
254    1296    79737124022312693    29389    96
282    3148    79737124029096493    16654    85
31    1610    79737124031372468    16513    94
326    3602    79737124032627568    32767    118
323    3062    79737124033868068    15066    41
411    729    79737124034670443    21386    97
291    2059    79737124035008243    32767    271
418    4085    79737124036370643    26452    128
170    1933    79737124037738868    26352    97
307    1427    79737124039335343    32767    302
299    82    79737124048188768    32767    86
175    153    79737124055110293    22600    122
268    600    79737124056141443    15772    86
289    531    79737124057852543    20207    90
297    3046    79737124064202693    15943    66
301    680    79737124064427943    22820    62
266    479    79737124071572618    20959    109
252    3908    79737124076369268    15265    43
322    807    79737124077959818    15433    68
264    1463    79737124088612268    20038    72
313    551    79737124092719268    29794    75
275    1526    79737124093398518    15531    51
82    2811    79737124095025693    18739    81
293    3838    79737124110383993    17167    57
258    2372    79737124110609443    19756    75
276    1623    79737124111982968    15930    87
324    589    79737124115178993    30095    113
279    635    79737124117840593    18201    59
258    1853    79737124117953218    17830    73
289    2367    79737124132111043    15020    80
295    4340    79737124136560868    15939    72
18    1629    79737124142285443    24720    100
40    424    79737124143326543    32767    94
311    2184    79737124151415668    22488    95
293    2361    79737124153244693    22278    60
38    1809    79737124167920493    17983    48
296    1151    79737124170791893    17459    69
293    1026    79737124181582918    32767    124
284    1604    79737124192203543    16341    42
287    3667    79737124203021893    15003    60
278    1000    79737124203820168    16024    48
81    1974    79737124210950268    16343    48
293    76    79737124221413193    20011    54
294    3593    79737124236141118    24845    89
83    2108    79737124241051918    24874    112
321    3949    79737124245054193    16845    61
324    3604    79737124247145568    32767    109
288    3507    79737124250440343    27950    65
29    3154    79737124250557718    16281    50
267    975    79737124268038218    23463    110
312    3184    79737124277102418    27360    103
268    3749    79737124279858643    15650    55
259    2223    79737124287505968    32767    236
40    4422    79737124287963593    16094    61
324    3913    79737124289785468    20995    93
311    1227    79737124290012593    30683    75
289    2015    79737124296774118    16348    68
259    2336    79737124314478518    15013    109
21    1588    79737124342418918    16441    56
262    16    79737124355303543    18063    66
252    3243    79737124360353918    26072    65
264    1366    79737124366082068    28360    137
252    2302    79737124379682368    23111    60
249    796    79737124381780493    32767    107
16    3660    79737124385036968    19291    101
24    654    79737124386727043    16062    78
259    3513    79737124422265293    22058    92
19    562    79737124444318368    22652    92
14    119    79737124449459418    26204    72
275    198    79737124460202493    23461    69
260    1147    79737124489605093    26001    116
277    4370    79737124492735043    22477    90
32    827    79737124511761618    21066    75
273    3135    79737124512924368    15488    54
254    875    79737124529920718    28929    82
28    1930    79737124532116418    17385    44
269    3854    79737124539224518    20522    84
251    1610    79737124543644743    32767    179
273    421    79737124565540818    22368    82
259    3537    79737124591378218    22078    69
253    3063    79737124598273668    19399    75
275    3599    79737124598867543    32767    131
17    1206    79737124599333618    19576    106
262    3856    79737124618001468    20541    117
259    4120    79737124653362968    16131    50
25    595    79737124660359293    20778    51
261    1995    79737124666939343    19250    61
19    678    79737124667626493    19715    110
